100
4 2
5 2
6 2
1000 1000
1000 1
857 650
682 613
999 488
500 116
310 241
500 499
874 844
500 117
761 573
634 625
878 715
734 715
476 466
1000 488
1000 511
430 401
354 335
500 255
461 421
500 256
558 516
665 506
5 1
1000 128
999 999
999 127
864 733
500 1
1000 2
500 127
698 578
500 244
999 487
1 1
500 72
999 1
1000 256
860 645
641 556
1000 323
999 415
999 998
999 511
868 657
1000 505
749 666
1000 498
2 2
500 250
950 726
793 776
500 245
999 2
1000 512
1000 127
3 2
1000 499
478 390
415 414
428 375
999 128
500 248
363 351
484 483
1000 999
451 440
480 422
999 255
500 128
999 512
839 790
4 1
999 498
543 495
400 331
515 447
500 220
500 249
258 252
745 610
759 680
1000 500
999 499
3 1
350 321
999 497
850 761
686 673
1000 255
999 256
1000 489
500 2
500 500
782 682
2 1
